SCMBranch=Bespoke
SCMRepository=Bespoke/Telegramme du Brest/Templates/images
accept.png;3373375685;1;1323107605;
bullet_go.png;4051429645;1;1323107605;
calendar-day.png;550471438;1;1323107605;
cancel.png;1391979309;1;1323107605;
cross.png;2617012649;1;1323107605;
database.png;1995844809;1;1323107605;
folder_image.png;3228001271;1;1323107605;
FWlogoBlack.png;1933594160;1;1323107605;
pencil.png;3899950452;1;1323107605;
sitemap.png;1637655973;1;1323107605;
tag_blue.png;1972109048;1;1323107605;
tag_green.png;3298806632;1;1323107605;
tag_orange.png;4150739002;1;1323107605;
tag_pink.png;1304760353;1;1323107605;
tag_purple.png;221748443;1;1323107605;
tag_red.png;3092770473;1;1323107605;
tag_yellow.png;3152546984;1;1323107605;
